-111.55001789187429 -179.5730548697834 -174.67653642674003
-250.17032945035174 -177.12198297506848 -180.29492909094523
-263.97569225860406 -172.3520254721275 -196.95108359463447
-218.55208938044578 -163.77002826246945 -176.1467926539792
-95.0300278854176 -180.4481162366956 -183.00584012538656
-194.26457182745736 -159.44085512562256 -184.6080491894482
-189.2301818434495 -164.47637521791907 -183.26116740034485
-189.34459636628515 -175.95420411964048 -119.89376818737243
-79.12521831674877 -187.85214054192545 -188.69787874888664
-219.03336655921424 -201.10885747697785 -190.3593463822525
-230.2871858390922 -194.0384577344527 -189.94380985360073
-239.8957529750551 -189.24925236170992 -189.63825170317764
-65.90792029050743 -130.42060336128213 -140.74664524623077
-198.4226952509773 -112.57548625365558 -144.8741615583093
-177.75010504868024 -143.3111824437602 -141.91424087432966
-147.95584052383276 -142.33688853549972 -107.46217259367322
-223.50721057901598 -57.36166509777355 -119.62652445437934
-216.1943249786649 -121.41044090826519 -118.22509607969293
-194.34796509733087 -117.09113819841528 -119.07497329710819
-51.9221835586512 -131.97709461121576 -119.26664022774932
-47.73396027839604 -108.6376160655026 -116.5047937229526
-116.89257495497472 -101.14832748180902 -118.96930433176229
-136.45173966730587 -119.51410764643911 -118.56945635642707
-143.85936260084424 -120.29713125562975 -49.22796886428125
-192.23698908061135 -48.03026448141681 -76.93396606199104
-213.17882721081622 -39.400075306991454 -106.10651370301187
-105.42029591354013 -106.05041409751048 -69.88539062547504
-51.202362007807906 -70.07586268753045 -69.89768183277249
-63.33286821819953 -63.11568525752371 -63.27010098006256
-52.81543456477206 -49.12418501613361 -78.4788090583575
-102.70193536138747 -53.52624911256804 -74.74126408372702
-68.72824869819091 -66.42208399759372 -56.827441503037775
-221.6305720219559 -70.03110222969038 -69.79826683364354
-254.73446844179955 -69.13335727388882 -82.84456627887369
-81.94229321191841 -69.31026012503295 -67.50662354998005
-62.63415322632267 -68.60041795036116 -70.20064161617464
-231.24589598494163 -182.51954779993216 -75.65441657570845
-160.87267262704043 -74.83540365090295 -75.78849777771924
-104.50700715448633 -75.06608170328619 -75.4826254045517
-49.43416242601256 -74.91671451990963 -75.44625320137335
-214.75058370558403 -178.62570937424042 -105.36614160829852
-150.11590729551168 -86.56671829219484 -92.6494046338464
-193.7913754001644 -179.8839169518263 -82.10281215797167
-47.144889369422486 -134.92505690518658 -136.44479388880126
-172.1056995815806 -164.22333925530344 -63.32616826974751
-169.77653550279751 -61.46511106995738 -167.4311850283789
-88.04207410495525 -127.31900223318134 -54.727140518845445
-229.52727137628654 -54.58217100360042 -163.71331342098725
-39.045868503970375 -165.2163371187879 -83.1219863756062
-221.02830654743352 -38.01237711544326 -144.73123273586447
-114.57131140091656 -37.883895496888954 -40.029399742171044
-211.55715363301306 -169.95373696723826 -38.92843495722089
112.46617595351896 138.6616461201283 138.64970266873826
-97.55021637227645 139.56324867693138 -1.1655
98.4664079792021 132.2125516043122 190.33770234371124
206.0323623677014 139.37226460936023 138.95521477543485
-200.90162394841883 -148.05641848599194 -137.08193684351482
-109.04554922015964 -144.50589096324427 -145.2999561292608
-168.46693567045656 -137.0725828088685 -146.19131475875503
-148.0109674472456 -141.8195292978154 -147.7467946358447
-18.253582944348437 -145.8982007471991 -151.66625862642235
-154.71690808187608 -146.38519450461942 -146.58615740317327
-211.91786529669162 -146.36083617093786 -106.1731664713024
-210.6568914176034 -145.9879647533773 -67.16895814829562
-110.3435959964627 -79.4480080651993 -58.080475735638004
-52.605170863231294 -102.94926305508089 -102.98430337367952
-178.36505404306263 -146.33572796926188 -97.54185820818921
-227.37609938270958 -104.23667277560706 -61.907404044846515
-222.28500538857344 -197.90360106198378 -159.52072673278798
-157.24345082486812 -197.11658701714276 -196.42898804027925
-200.63794837363105 -183.27053992348948 -197.04988763137348
-218.48635879379222 -198.10957231303777 -198.84380527574183
-212.15436371732252 -123.23347930996097 -123.0157759440301
-175.07696663998914 -123.37436353769297 -122.95517401712391
-200.55003407023088 -122.91898286201307 -122.9084747827555
-162.11120958922862 -123.00358802701177 -123.40745973568221
-171.55023485288882 -98.20789689977086 -98.24475306966025
-103.20764657825976 -177.11513520982209 -99.40232959667273
-219.01404475180294 -99.39579490864512 -99.44038153667063
57.647728429441216 -99.42010386511707 -117.64180940635188
-216.1120592435492 -77.92949127601035 -77.92892376343936
-95.49786196887707 -77.95449259496358 -77.8884728572653
-215.715886841338 -77.88860850044829 -174.84331982216955
144.19104067173484 -77.85867037558349 -77.84218437561609
188.47560949723493 -58.25764288337497 -64.50902047775273
-60.76483742636724 -136.1220253156809 -163.89544757503387
-202.98712253618942 -62.18161518494476 -58.40798965570485
-204.43754338033915 -58.443770707278986 183.6715940950666
189.30859947317842 -10.637927713559902 -11.048677152324931
-136.5780973759611 152.6725641937836 -10.607127002876677
-39.44044147018181 -31.96917956545293 -11.403203146983344
-105.22117823136682 -31.721334682514605 -11.401329954325332
180.4788065631507 165.39038268383982 133.09166907682322
-152.51791130423703 -1.1655 256.3734363449666
-144.71732828036707 -0.7 278.9346193554031
167.99096535475874 117.14229357930559 0.0
